1024
  3.9   -29.5
  28.4   -27.8
  -11.9   20.1
  -30.9   31.3
  5.2   -0.6
  -1.6   1.7
  32.7   -12.6
  19.0   -7.7
  9.6   19.4
  -19.4   -24.8
  -4.2   -24.7
  19.7   7.5
  3.8   0.1
  16.3   -31.6
  12.6   -12.7
  -20.0   -14.1
  -22.6   28.6
  -28.8   -27.1
  -21.8   16.7
  4.9   26.1
  -5.6   22.2
  -20.0   8.5
  25.0   81.5
  -10.8   -11.9
  16.0   53.6
  -30.9   -18.8
  -3.3   -19.1
  -14.7   28.6
  -23.3   -2.1
  -4.2   -3.2
  9.0   31.9
  -20.1   -12.8
  6.2   17.6
  1.5   -26.1
  3.4   15.3
  -12.5   31.0
  21.6   -31.9
  -27.0   29.9
  -25.6   -9.2
  12.0   -4.7
  4.0   16.4
  15.5   -18.7
  28.6   14.0
  1.0   7.1
  15.5   -32.4
  -16.3   13.8
  25.0   15.3
  17.0   -17.5
  0.0   -11.5
  -17.6   8.3
  -4.2   -16.9
  -28.5   15.1
  -4.5   -16.0
  32.2   -20.5
  -18.0   -27.9
  1.4   24.7
  1.0   24.7
  19.4   -16.0
  -4.5   -18.4
  11.6   -9.6
  5.5   -20.2
  4.6   -26.4
  -5.4   4.9
  -30.5   -9.3
  0.4   -9.2
  0.6   6.3
  -22.5   -5.8
  -11.1   29.5
  20.1   10.2
  28.6   -17.1
  -5.4   28.5
  -6.9   28.8
  -8.4   8.5
  -7.4   -18.7
  -3.2   -24.8
  28.4   -5.9
  1.8   9.3
  -3.3   20.3
  -20.8   -9.6
  31.0   -19.0
  19.9   -25.9
  21.5   -3.4
  -7.3   -15.7
  0.6   10.3
  19.6   1.1
  -25.8   7.3
  -6.5   16.0
  -7.4   23.0
  -14.5   24.9
  25.6   18.4
  14.6   9.7
  29.4   -24.9
  -29.1   27.2
  -30.2   -24.0
  0.0   9.8
  -5.7   -27.7
  -21.9   -27.5
  -3.7   32.3
  -22.4   -31.0
  -20.9   -8.6
  -3.3   24.2
  -17.0   27.6
  -23.7   11.7
  -30.8   -29.4
  -23.8   15.5
  -5.9   23.2
  12.5   31.1
  -13.6   -27.6
  30.6   -19.5
  20.9   -16.9
  -19.0   2.2
  23.4   -0.7
  -19.1   -29.2
  -18.2   10.9
  -17.0   -19.8
  14.0   -26.4
  20.6   -0.6
  -11.7   0.0
  -10.2   20.4
  23.2   -21.5
  24.3   3.5
  27.5   24.6
  -19.8   32.5
  -29.6   -24.0
  31.1   -13.5
  26.0   27.3
  -6.4   32.7
  -5.7   -17.4
  -7.7   -29.9
  -21.4   -4.5
  22.1   -32.0
  -3.7   -16.2
  6.3   -31.3
  3.1   -26.9
  -1.2   30.9
  12.6   21.4
  20.6   -28.8
  -21.9   30.7
  10.0   6.6
  -11.2   7.8
  6.3   -20.3
  14.2   -1.9
  5.6   32.5
  21.4   10.2
  -0.4   -11.8
  18.7   -29.2
  -19.7   -3.0
  -30.2   12.8
  -10.0   4.7
  0.6   -30.1
  -15.4   15.1
  -10.5   -2.4
  -0.5   -16.3
  2.9   0.3
  6.2   28.0
  -6.8   -21.7
  13.9   1.9
  3.1   -1.9
  10.8   14.7
  24.8   25.9
  -26.0   -6.6
  31.9   -19.4
  7.9   -15.5
  -19.2   1.5
  -31.9   -21.9
  30.3   13.5
  22.3   27.2
  12.1   -19.5
  1.3   5.8
  -0.5   7.0
  -14.7   23.7
  -15.6   26.6
  -29.7   2.1
  -26.7   6.6
  32.4   -8.8
  -19.3   -29.6
  -31.7   29.5
  -0.9   24.0
  -1.4   4.8
  -10.9   -17.0
  -23.2   -3.8
  -3.3   -30.3
  8.1   6.7
  29.0   13.2
  11.0   -20.7
  -28.3   9.5
  25.6   2.7
  20.7   -32.7
  -13.0   15.6
  4.7   11.8
  32.0   28.0
  24.7   2.5
  -13.7   13.6
  13.1   10.1
  -31.3   20.9
  -29.1   -12.1
  -17.0   18.9
  -11.1   -18.7
  -7.8   -7.4
  -23.7   5.9
  -1.2   -2.4
  18.0   15.9
  12.6   23.3
  -21.2   -0.8
  5.1   20.7
  -3.8   29.5
  -20.1   -3.4
  11.6   8.1
  -17.4   6.9
  8.3   -26.6
  -13.9   -31.9
  15.9   -21.2
  -30.0   20.8
  30.5   31.9
  7.4   -1.8
  -7.8   3.4
  -25.6   7.0
  -16.0   -17.9
  -31.4   -28.9
  -0.2   -6.5
  -30.9   12.0
  8.9   -22.8
  23.6   -13.8
  -32.6   -27.7
  6.2   -8.2
  -8.4   7.7
  -13.1   22.1
  27.8   30.0
  -29.8   12.6
  21.8   -8.2
  9.2   -10.9
  -9.1   -28.1
  -22.9   8.8
  -19.6   -23.3
  -22.8   12.2
  22.3   -10.7
  -0.6   0.8
  21.6   -3.6
  20.3   23.0
  -25.4   26.3
  25.6   -32.7
  18.9   2.5
  -10.6   25.3
  6.8   7.5
  -0.2   -13.3
  27.4   0.6
  -32.1   -7.0
  6.5   -20.5
  14.1   31.1
  9.6   -23.8
  9.7   -14.9
  5.1   -23.4
  4.6   14.3
  26.6   0.4
  4.5   11.4
  9.9   -18.0
  -6.1   13.6
  -28.7   -10.8
  4.9   -25.8
  -9.6   4.7
  -7.1   -26.0
  -7.6   -13.1
  12.9   11.5
  28.1   2.8
  3.5   -15.4
  16.1   -27.5
  -31.3   29.8
  -13.4   -5.5
  18.6   31.0
  25.3   25.4
  -19.3   8.5
  -22.2   0.6
  25.9   -31.6
  10.7   16.0
  -10.5   24.5
  -10.8   -23.5
  1.8   4.4
  -4.7   -0.5
  -3.0   -29.2
  19.7   -13.8
  -11.9   -17.7
  19.8   -25.9
  -12.3   0.2
  30.0   -32.7
  2.2   -12.7
  2.8   8.8
  26.3   -27.5
  -16.6   -21.0
  15.8   20.0
  19.2   -17.8
  25.7   -5.8
  1.7   -16.5
  17.3   -16.8
  -12.0   -32.0
  4.9   -15.9
  9.5   10.3
  11.0   -12.3
  -18.2   -27.0
  24.5   -17.2
  21.5   -0.2
  -29.2   -3.2
  -25.8   -28.1
  -3.1   -32.3
  29.2   11.4
  -21.1   -26.7
  27.1   32.5
  32.5   3.3
  -22.3   18.4
  4.7   16.9
  6.1   29.9
  4.5   -9.3
  9.0   30.9
  -21.5   -22.6
  -24.7   -22.5
  -25.3   24.2
  -3.5   -16.5
  -26.2   -30.1
  13.9   13.6
  9.7   3.2
  -14.3   -18.8
  5.2   17.7
  -23.4   27.2
  -29.0   -1.5
  -31.1   -14.7
  -29.9   7.8
  13.0   30.6
  4.2   30.7
  -13.3   32.6
  -15.2   -22.7
  3.9   -20.4
  -21.2   13.8
  8.2   9.6
  -1.9   -6.1
  -1.0   -10.1
  23.6   -2.6
  -8.0   -8.1
  13.6   -8.2
  -13.5   17.9
  -29.9   1.3
  2.8   7.1
  -11.4   8.6
  -9.4   -21.8
  -22.7   19.5
  1.4   21.2
  -12.8   3.2
  2.2   12.2
  2.2   -27.9
  -18.5   -22.4
  -13.8   -24.2
  5.0   13.3
  -6.4   -10.8
  30.1   26.2
  -9.7   29.7
  19.2   4.6
  -0.8   -19.7
  26.8   -14.1
  14.9   22.2
  -21.3   -7.3
  -29.7   29.9
  -1.1   19.1
  18.7   -3.9
  16.7   6.0
  7.6   -26.4
  0.8   15.7
  -5.0   -29.9
  27.2   2.6
  1.4   24.5
  18.5   -5.4
  -6.0   31.9
  13.3   3.4
  21.8   -24.9
  12.3   4.6
  -24.4   2.3
  -25.5   -7.4
  11.2   -1.1
  24.1   32.3
  -20.9   15.5
  -28.5   26.1
  -27.4   -18.1
  3.6   32.5
  0.2   -18.0
  19.8   -6.3
  2.6   24.1
  25.7   25.3
  31.7   -13.5
  17.5   -14.1
  25.7   1.4
  -15.9   -29.6
  7.5   -17.4
  15.0   26.0
  2.2   -20.0
  32.7   17.5
  -24.0   -12.0
  1.9   15.1
  2.6   28.7
  26.2   -0.7
  -8.1   -32.2
  16.9   4.0
  -20.8   6.3
  22.4   -18.2
  -0.9   22.5
  -4.5   20.2
  -27.1   15.5
  -12.4   25.5
  -13.7   21.2
  32.3   18.0
  21.5   26.1
  5.9   13.5
  -15.8   -16.8
  -16.2   30.0
  21.6   1.4
  -18.8   -28.9
  20.8   1.7
  3.4   23.9
  -17.3   -17.0
  28.2   -31.0
  -8.3   24.9
  -28.9   -21.4
  24.3   18.8
  25.5   10.5
  10.4   16.5
  4.8   -19.8
  -6.0   7.8
  4.3   9.7
  -0.9   -4.2
  3.0   13.3
  25.3   -27.4
  -13.4   -12.2
  -13.9   3.1
  13.5   -12.8
  -2.7   -20.2
  13.9   -28.7
  0.8   -3.2
  30.7   1.2
  31.9   -12.3
  -30.1   -19.3
  -14.4   22.7
  -7.7   19.2
  -7.1   2.9
  6.7   -12.3
  -32.8   30.3
  8.7   22.3
  3.7   17.3
  25.7   26.4
  -12.5   -31.1
  32.1   -31.8
  3.8   28.9
  31.9   25.3
  -7.6   -21.5
  -31.5   24.9
  -15.5   -13.1
  17.2   4.5
  26.1   -9.8
  -1.4   19.9
  27.3   -32.7
  -8.4   10.7
  17.5   -3.8
  -30.6   32.0
  28.9   -29.2
  22.3   32.2
  -25.0   31.3
  27.9   -27.5
  31.4   -7.2
  20.2   18.8
  8.4   -29.7
  -4.2   10.4
  -22.5   -22.1
  27.1   0.7
  29.2   29.9
  28.2   -9.6
  -19.8   -3.8
  21.0   -10.9
  -8.8   -13.5
  16.9   -1.4
  -25.4   -6.7
  18.7   -7.0
  -10.7   31.1
  18.4   28.4
  -13.9   -1.0
  -31.2   -23.2
  -32.2   -26.3
  3.3   23.0
  -18.4   -23.7
  18.1   -26.3
  -24.3   -20.3
  15.6   24.8
  -19.7   -3.0
  -6.8   2.5
  10.9   -0.9
  30.2   -4.0
  -32.5   -8.0
  -14.4   10.1
  -11.0   -8.7
  -5.2   13.9
  27.6   6.9
  -2.9   -3.4
  26.0   26.7
  -1.4   13.5
  17.8   -18.7
  -30.5   -17.5
  27.9   0.3
  6.1   -20.3
  12.9   2.5
  10.2   24.2
  -12.0   -22.1
  -18.6   -31.5
  -7.4   9.3
  -24.9   18.6
  -18.0   24.5
  5.8   -12.3
  -1.0   5.4
  -20.5   -6.5
  -19.0   -29.5
  20.5   -14.4
  19.0   24.4
  22.7   -25.3
  7.6   5.5
  -25.4   0.0
  -1.9   23.7
  -26.5   32.7
  -16.4   18.6
  -12.2   -26.2
  -22.2   -3.2
  -16.9   -26.2
  -7.4   24.0
  -21.7   -3.0
  10.2   25.9
  21.9   30.2
  23.7   -17.3
  -0.3   9.0
  -3.9   -8.8
  2.0   -18.8
  -12.9   22.4
  -17.7   17.0
  5.3   -5.9
  1.6   1.4
  -12.2   13.7
  -24.7   -12.6
  -1.3   -31.6
  -6.0   -10.2
  -4.2   -1.7
  5.0   -14.5
  -16.7   -16.0
  26.9   23.1
  3.5   -21.5
  -28.3   -30.1
  3.5   -21.9
  25.2   -16.3
  -11.4   21.2
  -8.8   9.7
  -25.7   3.1
  -29.1   17.9
  -3.7   -14.4
  -20.4   -31.4
  -16.9   -21.5
  -24.2   -29.8
  16.7   -1.7
  22.6   26.2
  31.0   -5.2
  -6.1   15.7
  -3.8   24.5
  -11.6   28.2
  32.6   31.8
  1.4   -19.7
  19.7   21.1
  -8.2   -31.1
  16.1   -20.4
  22.3   -22.9
  -11.9   11.2
  -13.1   -8.7
  -26.2   -14.7
  -21.7   29.6
  4.5   18.6
  26.8   -0.9
  -14.5   6.7
  -12.0   22.2
  -20.9   -25.2
  -4.7   3.1
  -23.8   22.9
  20.0   -14.3
  -5.4   -24.9
  -9.2   -19.5
  -11.7   13.5
  9.1   -5.7
  8.3   11.3
  -32.7   -18.1
  -2.9   -3.9
  -30.6   3.1
  -8.7   -30.6
  18.8   16.3
  -10.6   -17.2
  -15.3   7.5
  -1.8   5.9
  -13.2   3.9
  -24.5   -28.9
  -23.1   -2.0
  -18.0   19.2
  -21.2   28.1
  31.3   -20.1
  1.0   -5.2
  -13.7   -5.1
  -27.4   18.3
  2.7   30.9
  -1.0   26.0
  21.6   -32.5
  16.3   -2.6
  -13.4   -17.0
  3.0   18.6
  8.2   -30.9
  -26.1   30.2
  -0.3   1.3
  1.6   1.2
  -25.1   -6.9
  -4.7   27.9
  11.8   28.7
  26.2   11.0
  32.5   -32.4
  -27.1   17.5
  31.9   -22.7
  30.5   26.4
  18.8   2.6
  -20.8   -4.7
  -0.7   2.9
  11.2   20.4
  20.1   -17.1
  -16.1   0.1
  31.3   6.6
  -28.6   13.5
  -10.4   7.2
  -1.9   6.6
  -4.5   -11.5
  -30.6   28.9
  -20.1   -18.3
  12.7   7.2
  15.1   21.2
  3.7   14.4
  -25.2   -1.1
  17.2   18.2
  -32.2   20.7
  26.9   27.2
  0.9   28.9
  -4.9   -11.6
  17.5   -29.2
  29.8   24.6
  -7.3   23.0
  6.0   -0.7
  -11.9   -22.5
  -9.4   -15.7
  -13.6   2.4
  14.3   28.1
  24.4   -19.0
  -18.2   -16.3
  -16.6   -6.3
  -6.9   -22.5
  20.2   1.7
  -20.8   -3.9
  -28.6   -15.9
  30.8   15.3
  -6.4   4.5
  12.5   -3.5
  32.3   8.0
  26.6   -30.5
  -20.0   1.3
  7.0   10.3
  1.0   8.2
  12.6   6.4
  17.1   -25.1
  24.2   9.5
  -17.9   12.8
  7.4   -13.3
  24.4   -24.5
  -12.7   -30.1
  -1.4   -9.5
  17.3   -11.2
  29.0   -15.1
  -0.7   -1.2
  20.2   30.7
  23.9   1.6
  31.2   -1.8
  -18.5   2.1
  -19.5   9.9
  -5.0   15.6
  32.3   32.2
  21.0   -20.4
  4.9   31.9
  20.3   2.7
  22.6   -20.3
  5.9   5.3
  29.9   25.1
  -2.6   15.3
  1.6   29.1
  1.7   19.6
  20.5   12.0
  7.6   -32.8
  31.3   29.0
  -22.9   -29.9
  -24.4   30.8
  -5.1   14.6
  27.4   -16.5
  -24.2   26.2
  2.3   -25.3
  30.5   19.1
  -9.0   -2.2
  -20.2   -9.3
  12.3   28.5
  8.6   27.4
  -20.8   31.0
  6.9   11.3
  -0.8   -20.3
  3.6   -29.4
  22.9   -5.8
  15.2   -17.6
  20.1   12.4
  10.1   11.3
  8.9   -3.4
  0.4   20.7
  -18.8   4.1
  6.5   9.2
  -26.8   -32.6
  26.2   -7.0
  26.5   -2.3
  7.8   31.1
  -3.0   21.6
  -23.5   11.0
  -10.6   9.3
  21.4   11.9
  24.6   2.8
  7.1   -4.2
  27.4   -10.8
  -0.9   -30.1
  -32.3   2.0
  -30.7   13.8
  13.7   28.6
  31.5   -1.4
  4.8   -26.1
  -11.0   12.5
  -3.4   10.7
  -22.2   26.1
  -12.0   -18.1
  -10.1   -4.2
  17.3   -14.8
  21.3   -16.8
  6.1   -8.5
  26.6   11.8
  17.9   0.2
  -7.5   -13.5
  -5.9   4.9
  16.2   32.1
  28.2   -11.6
  -8.8   -7.8
  -19.0   12.4
  10.7   -23.6
  -21.0   3.3
  -24.5   28.7
  29.6   -21.4
  -6.7   25.5
  4.9   23.1
  13.0   31.8
  -18.8   27.8
  -19.6   13.6
  -12.5   3.9
  10.8   -18.7
  -17.9   21.1
  -5.4   19.9
  -21.8   13.3
  21.4   24.2
  -30.8   -4.6
  -12.3   21.8
  -10.0   11.7
  -3.5   -5.7
  21.4   15.9
  4.5   -27.5
  6.6   4.5
  -22.4   -27.9
  32.4   16.5
  -14.2   -32.0
  -15.5   29.0
  8.0   -20.8
  -9.5   -10.5
  30.2   3.9
  2.9   -11.9
  -5.3   -29.7
  18.1   32.1
  19.2   -4.6
  -15.8   18.3
  30.4   6.3
  -2.0   2.4
  11.1   12.2
  -6.2   10.8
  -26.1   25.5
  0.0   -12.3
  21.9   7.4
  15.1   -0.5
  12.7   -11.6
  -3.3   -14.9
  -8.1   26.7
  -29.3   2.2
  10.8   20.3
  7.7   -9.7
  18.4   19.1
  -2.0   22.0
  28.7   -30.1
  2.4   31.0
  -17.5   30.6
  4.1   12.4
  -17.4   -28.4
  -22.5   3.8
  -5.3   27.7
  -15.5   23.7
  22.3   -31.7
  -5.8   26.8
  -3.9   16.5
  11.0   -27.9
  6.7   -7.9
  -10.3   -32.5
  -13.3   -30.3
  -13.7   -5.0
  3.8   28.0
  4.6   -4.1
  31.2   -19.0
  -16.9   28.3
  -5.8   24.2
  -20.1   28.5
  -8.5   -0.5
  -4.9   -23.6
  17.5   -7.2
  -7.2   -22.7
  0.5   -16.1
  5.9   18.4
  10.5   21.0
  20.0   -15.4
  23.6   19.5
  -14.6   -31.7
  10.2   32.3
  -6.8   -4.5
  10.5   28.3
  12.3   -28.8
  -17.3   16.7
  28.1   -9.7
  26.9   -13.7
  20.3   -7.2
  28.3   -11.7
  -13.9   27.8
  29.9   -19.3
  22.3   -17.3
  23.7   -6.2
  14.5   -20.6
  20.1   17.2
  -17.1   -19.0
  20.8   26.7
  -23.7   0.2
  -28.5   -27.7
  6.9   -0.2
  -28.5   -26.3
  -32.4   -17.6
  6.4   -7.7
  17.2   30.6
  3.0   4.0
  16.0   -18.5
  9.7   3.1
  19.7   -19.4
  31.3   24.8
  20.9   -28.4
  -22.5   -4.9
  17.6   31.2
  -24.4   10.8
  -20.8   -8.6
  -10.7   -2.6
  -1.0   -11.2
  -32.7   -24.1
  -2.6   8.1
  7.9   -4.9
  32.7   2.5
  4.2   25.0
  19.9   20.2
  -4.4   -27.0
  6.6   3.0
  -1.7   23.3
  17.0   2.8
  -1.3   13.0
  28.6   17.9
  26.6   0.9
  12.7   -30.3
  -30.2   -20.5
  11.4   15.2
  -6.6   -30.4
  23.0   -18.8
  -10.0   -11.1
  -21.9   11.9
  -12.9   0.6
  15.8   -9.0
  -30.0   -2.5
  7.8   -28.3
  18.3   -30.1
  29.6   -22.5
  9.3   -23.0
  13.6   -10.6
  16.4   -29.6
  30.5   17.2
  -12.5   1.3
  5.5   15.4
  8.9   16.3
  30.4   -5.7
  -8.1   -16.0
  -22.2   -0.1
  -26.2   4.4
  -10.0   10.4
  -20.1   21.7
  31.9   8.1
  -16.9   24.7
  -3.8   18.7
  -16.8   32.5
  18.0   24.7
  -32.0   14.6
  -23.2   -2.7
  -30.6   -12.3
  -0.2   -30.8
  16.3   2.1
  10.9   6.2
  -13.8   -25.6
  21.6   -23.3
  -25.0   28.0
  -25.4   0.8
  -23.1   29.1
  5.4   -2.5
  15.1   2.7
  -32.1   -4.4
  -11.1   23.1
  5.3   -25.9
  -29.8   -21.5
  22.0   -4.2
  -10.2   -6.3
  -28.5   31.6
  22.1   -24.5
  -32.3   -9.1
  -22.1   -29.3
  -24.4   22.8
  6.6   13.9
  3.1   5.3
  -5.6   18.3
  -2.5   22.8
  14.4   -9.0
  -26.8   -9.2
  28.2   25.1
  -20.7   29.7
  15.1   0.7
  8.8   -22.3
  -24.2   17.9
  8.8   4.4
  2.9   5.4
  -15.1   -19.2
  -11.9   0.4
  -18.7   -22.2
  17.4   19.3
  31.2   0.5
  -16.1   -32.2
  -15.2   -30.7
  32.5   -6.5
  14.7   -13.5
  -22.4   -20.0
  27.8   -1.8
  -9.7   17.8
  -14.4   9.0
  -30.9   -32.5
  -6.9   -17.5
  17.6   14.3
  -27.2   25.1
  11.3   -26.7
  8.9   -28.3
  -21.9   19.3
  18.1   11.5
  -21.0   -31.7
  19.3   4.6
  5.1   -7.4
  6.5   -14.0
  -29.8   -5.5
  6.3   23.1
  -19.2   23.3
  -21.0   -30.4
  5.2   -19.3
  -6.8   -24.7
  10.0   -6.0
  -21.8   31.6
  -31.7   15.9
  15.9   31.7
  0.9   -5.6
  -19.3   -14.8
  -3.3   26.8
  -6.9   4.8
  15.5   7.2
  -29.0   -23.7
  4.7   28.5
  -18.2   -26.8
  32.6   17.0
  -26.6   5.4
  -3.6   29.2
  -8.9   -28.8
  6.1   17.1
  -1.2   27.4
  2.9   -23.1
  11.2   -6.7
  -17.2   -19.0
  -8.5   -2.9
  27.9   -11.1
  -19.3   -9.5
  -32.4   18.3
  27.4   6.8
  16.0   21.4
  -10.3   -28.1
  22.5   15.2
  13.3   0.6
  0.8   31.5
  -29.7   16.3
  15.4   -2.4
  -17.1   17.3
  -1.9   -21.5
  15.6   9.4
  -18.9   -18.3
  -8.6   -17.6
  12.0   -27.5
  15.9   -13.4
  7.9   -3.4
  28.5   -9.0
  17.9   30.9
