256
  -29.7   -5.9
  8.2   -5.4
  -28.0   25.9
  -6.1   0.8
  23.3   8.5
  21.8   -17.1
  -13.6   30.8
  -25.9   2.5
  -10.9   9.3
  -4.0   -10.0
  -0.1   -15.9
  31.7   17.8
  32.4   -8.4
  10.9   17.6
  -28.6   -23.6
  31.1   18.0
  12.0   13.9
  -31.2   -19.8
  18.1   -16.1
  -29.5   -22.1
  -8.1   -29.1
  5.8   -16.7
  -15.8   26.7
  12.6   6.6
  4.3   7.8
  28.7   -6.2
  -20.9   -16.8
  27.4   -20.8
  -28.6   5.7
  -30.5   19.4
  -4.7   27.0
  6.2   0.2
  7.0   1.0
  -27.6   -10.4
  -30.1   1.2
  -21.9   -30.0
  3.6   -2.4
  -12.1   -7.3
  9.4   3.9
  -20.9   0.7
  -0.7   -10.8
  -4.6   -2.2
  19.6   11.0
  10.3   -9.4
  15.0   24.2
  -9.6   -3.9
  -28.6   28.4
  -31.1   31.8
  -1.8   25.8
  2.9   26.1
  -13.2   -14.9
  -23.8   26.2
  -28.1   -31.9
  17.6   9.2
  12.9   0.1
  -12.8   18.8
  -20.8   9.0
  -1.0   -4.8
  19.3   -7.4
  28.9   -26.1
  -16.6   25.7
  31.6   32.4
  -28.8   -8.3
  -31.2   -10.0
  -18.0   -10.9
  -11.5   1.3
  31.0   -8.7
  -26.0   -29.2
  14.8   -3.5
  15.4   -26.3
  -28.9   -3.9
  21.8   30.2
  3.6   9.4
  15.1   -22.1
  26.3   -31.6
  16.8   32.0
  9.0   21.4
  -32.1   -18.6
  16.0   28.9
  -19.4   -15.1
  -5.3   7.8
  -26.3   -17.6
  0.1   -16.4
  3.5   7.8
  2.7   -30.2
  -15.0   -13.3
  10.4   -20.1
  26.9   -8.1
  2.6   -2.4
  -27.8   12.9
  -30.7   27.0
  22.5   -4.3
  -17.1   6.0
  -29.1   23.8
  -17.1   5.1
  15.5   28.6
  25.2   -15.2
  3.5   9.4
  16.9   22.2
  -12.8   -13.2
  -25.1   16.3
  9.6   -7.0
  25.5   -4.6
  23.1   7.5
  22.1   28.0
  -3.6   17.9
  -6.2   19.0
  -12.6   2.3
  -16.8   23.2
  23.8   27.4
  -9.8   -31.9
  -23.0   15.5
  25.0   -15.6
  -14.1   25.6
  -30.6   27.2
  28.6   14.4
  0.2   -14.1
  -8.7   -27.6
  -27.2   27.7
  -22.1   1.7
  -17.6   -11.1
  21.6   28.8
  -8.5   16.7
  -2.7   3.1
  0.2   2.3
  1.1   -25.0
  -21.2   -24.0
  28.7   22.6
  0.9   7.7
  14.3   -0.4
  -6.7   -15.7
  -9.2   -29.7
  26.7   -26.4
  5.6   13.5
  18.1   12.6
  -19.1   13.0
  -26.1   24.2
  13.6   20.8
  11.2   -12.6
  25.0   -0.6
  8.4   19.8
  28.0   28.8
  29.0   -11.0
  -3.5   -15.0
  30.9   -6.7
  -9.6   -15.7
  -25.4   -21.3
  -27.8   28.1
  -22.9   -6.9
  -9.6   17.7
  -16.8   -29.7
  25.7   14.5
  3.0   25.2
  25.9   18.3
  4.4   -15.8
  -29.4   -4.6
  1.0   -4.9
  -23.8   1.6
  -27.4   6.1
  -32.5   -6.8
  13.1   -11.4
  -21.8   -5.6
  -19.3   -28.5
  9.8   28.0
  -22.1   -23.9
  14.0   -11.4
  25.7   -1.9
  -4.2   28.7
  -18.1   21.0
  23.1   29.3
  -27.4   19.0
  -15.5   -8.9
  -19.1   -1.4
  -22.8   -21.2
  26.9   5.9
  20.8   -28.5
  25.4   4.2
  -23.7   19.2
  -3.3   5.3
  -28.3   -31.1
  -8.0   -31.4
  -28.3   14.8
  30.8   -32.6
  -31.9   -28.7
  -26.8   -2.3
  18.7   12.6
  -4.7   -31.1
  31.5   23.6
  -22.1   4.1
  9.8   -17.7
  -21.8   -23.6
  -21.0   28.7
  31.5   16.7
  -4.2   23.4
  8.3   1.8
  -8.9   22.9
  -13.9   32.0
  -12.9   31.9
  1.7   11.9
  5.5   4.1
  0.7   8.8
  10.0   9.0
  -8.2   12.1
  -11.2   9.4
  18.6   -23.9
  -18.9   -3.1
  -22.6   23.2
  3.8   5.2
  11.2   31.2
  -1.5   -1.7
  -16.1   18.6
  24.5   5.4
  -23.5   -12.4
  10.1   -17.4
  -22.7   10.4
  2.3   -26.3
  26.1   31.0
  10.7   -10.2
  28.1   -3.7
  3.2   -9.4
  -0.6   -22.9
  -2.4   -6.1
  23.4   17.7
  -21.6   -5.0
  -26.1   13.8
  -4.8   19.5
  25.1   7.7
  0.8   -29.4
  -4.6   8.2
  -13.0   8.0
  -30.6   16.5
  17.4   19.4
  9.2   10.5
  17.9   -24.0
  5.4   31.3
  -6.6   17.0
  -9.5   12.1
  27.1   5.8
  -2.1   -3.9
  12.3   -25.7
  -23.4   12.3
  -19.5   27.4
  -17.2   2.4
  10.8   -31.3
  -6.5   -5.8
  31.2   -24.0
  11.4   -2.4
  -29.7   22.1
  -3.4   3.2
  -12.7   -9.5
  28.3   -5.7
  4.5   9.6
  4.5   -18.9
  12.5   -30.8
  -18.4   -27.7
  -28.5   -16.0
