64
  23.7   31.4
  19.7   29.8
  10.5   17.3
  12.4   3.2
  -31.9   -18.5
  12.8   13.1
  32.4   -22.4
  -5.4   2.1
  7.3   -24.1
  -16.8   -4.3
  2.0   5.0
  -10.6   -20.4
  -3.0   -4.4
  -16.3   29.1
  15.5   -23.9
  -32.4   -1.7
  -22.0   -21.7
  32.5   -19.7
  28.9   2.4
  -7.7   3.0
  3.0   7.0
  -13.2   31.9
  -29.2   -4.5
  22.9   18.2
  -14.8   20.3
  16.8   3.0
  4.0   9.0
  7.0   31.7
  26.6   -21.5
  -3.3   -2.0
  13.0   -24.8
  13.8   5.9
  15.2   9.2
  1.0   3.0
  24.4   5.1
  -13.2   -32.6
  -7.6   -30.9
  19.9   27.6
  -21.7   -7.1
  -10.1   -26.2
  5.0   -2.9
  23.8   19.0
  -29.8   -28.1
  -31.8   -6.3
  3.9   25.3
  32.0   -9.2
  29.7   -30.3
  17.8   -19.2
  -15.9   9.1
  17.2   16.9
  -11.7   26.4
  0.0   1.0
  -23.2   24.9
  9.6   20.5
  28.6   -2.3
  11.3   -32.1
  -31.5   -28.1
  -18.8   11.2
  -19.5   2.7
  2.4   -19.5
  -25.2   10.3
  21.9   13.5
  27.3   -20.6
  31.5   -23.1
