128
  20.2   20.2
  -16.4   -7.4
  -21.8   -17.9
  3.4   -8.4
  -19.6   20.1
  -8.2   -14.6
  19.4   -11.4
  21.8   25.3
  -0.5   -4.4
  -31.8   20.4
  4.5   -27.7
  -16.4   32.4
  -0.8   20.4
  7.1   -27.0
  -16.1   -25.2
  25.3   15.4
  -8.1   24.9
  22.0   -8.6
  3.8   13.2
  19.3   -7.5
  13.4   -2.9
  -25.3   -30.1
  13.0   -6.7
  20.3   -11.9
  -30.9   20.8
  -10.9   5.3
  7.7   -13.9
  23.8   -22.3
  -21.0   -17.6
  -5.3   -12.6
  -23.1   -24.5
  19.1   10.1
  -8.5   22.0
  23.0   -20.3
  -21.6   29.5
  -9.9   11.0
  4.0   31.0
  21.3   5.3
  -11.6   -9.3
  1.0   13.0
  -29.0   -18.8
  18.8   6.8
  -2.8   -19.6
  24.1   15.4
  9.0   61.0
  -17.8   15.3
  -26.2   15.3
  16.0   103.0
  1.3   -26.7
  24.9   25.9
  -24.2   -2.2
  15.5   -20.9
  10.9   25.0
  -5.7   -26.1
  -1.3   -24.3
  11.5   5.3
  -15.5   21.6
  3.7   16.5
  -12.5   -20.9
  -0.0   -22.0
  16.8   -1.1
  29.7   30.7
  19.5   -10.7
  3.9   14.3
  25.0   157.0
  -16.7   25.2
  9.9   -13.9
  -27.2   -22.6
  -31.7   -20.9
  -4.4   -30.9
  -17.2   7.4
  -10.9   7.7
  27.6   3.5
  -28.3   9.6
  -10.6   -10.5
  -16.6   -2.9
  25.6   -25.9
  -9.4   5.4
  13.6   7.3
  18.0   3.0
  30.7   -4.6
  -3.9   -1.8
  26.2   0.0
  -19.7   -17.9
  -18.4   -15.9
  27.0   7.2
  -12.6   29.1
  11.9   27.2
  -20.6   -20.7
  -8.0   -10.5
  20.0   30.2
  -23.8   -0.9
  14.9   -16.4
  -7.5   0.6
  -2.6   -18.4
  -12.9   -18.0
  -10.7   24.6
  8.2   20.8
  5.8   -10.5
  -16.9   25.2
  4.2   -13.0
  -1.0   -24.5
  -22.5   12.3
  9.8   -20.7
  31.7   -14.6
  -5.6   -27.1
  14.4   -7.1
  21.0   -9.6
  25.9   -16.7
  25.4   -28.5
  29.9   -7.9
  -24.8   24.3
  -0.7   14.5
  2.4   0.3
  -28.8   -13.4
  26.2   13.4
  -5.7   -31.4
  -1.5   4.6
  -0.2   27.7
  16.0   -26.9
  -16.0   -8.4
  1.8   -18.5
  16.5   15.7
  23.9   -6.5
  -18.0   -21.2
  15.1   19.2
  24.2   -21.6
  -7.9   -3.1
