512
  32.1   25.6
  -1.8   -25.1
  -23.4   -20.1
  -12.8   29.4
  -29.6   -8.2
  -25.1   3.7
  0.2   -22.3
  -1.5   -24.0
  -13.3   -16.3
  -24.8   -7.2
  -5.0   17.7
  -28.8   -13.6
  27.1   -21.7
  25.4   -27.7
  17.2   -20.3
  -8.0   10.0
  -32.0   3.4
  22.7   -29.0
  -25.6   28.8
  -14.2   -25.4
  25.1   -1.8
  4.1   0.2
  15.9   15.5
  10.0   31.0
  26.9   -7.6
  -2.6   -9.0
  -24.0   11.0
  7.2   -2.4
  3.7   15.1
  -18.1   -24.8
  25.2   6.6
  14.0   1.0
  -19.4   9.9
  5.7   -6.0
  -22.0   13.0
  6.3   -5.0
  12.4   0.2
  -27.1   17.5
  -27.9   3.2
  -17.7   32.7
  -15.7   16.7
  8.7   -22.6
  26.1   10.9
  6.6   -14.1
  -8.5   10.2
  -24.6   1.7
  21.3   13.4
  -18.0   27.7
  6.8   -27.5
  -21.9   5.1
  -27.4   -6.3
  -29.2   -2.7
  16.2   -23.5
  5.1   -10.2
  -22.2   23.3
  -3.3   -2.3
  -0.7   -1.5
  24.0   -7.1
  -1.5   26.4
  -7.8   14.4
  -0.7   -1.7
  29.9   -19.4
  -31.3   -23.8
  6.1   4.9
  -23.2   -22.2
  27.5   26.1
  7.1   -25.8
  -8.5   -3.9
  -29.0   8.1
  29.8   15.0
  1.4   -31.5
  27.5   -27.6
  18.9   -1.8
  -13.0   -3.1
  22.1   17.4
  -32.7   0.7
  -21.7   0.6
  -2.5   24.6
  -0.6   22.8
  3.9   6.1
  -15.7   -9.3
  27.9   -19.6
  -8.7   6.9
  17.3   -10.6
  -15.3   -28.2
  -12.2   19.4
  -16.7   32.7
  3.8   -16.4
  25.7   8.2
  22.1   2.4
  -12.5   -25.6
  -31.4   15.9
  -30.8   1.7
  -25.8   -12.9
  21.7   23.3
  -31.1   -12.6
  13.3   20.3
  -12.2   18.3
  30.5   -32.3
  13.9   8.2
  8.4   21.3
  11.2   27.5
  -5.2   -15.4
  25.5   23.6
  25.5   27.5
  15.8   12.8
  11.8   -11.0
  3.1   20.9
  -3.8   -16.1
  2.8   -29.3
  -6.8   -22.2
  -25.6   22.1
  28.6   4.7
  -18.6   5.6
  -21.4   -4.5
  5.7   31.3
  -24.8   -6.5
  -3.4   26.5
  18.3   17.4
  -5.9   22.6
  6.3   17.7
  -7.6   26.0
  -10.3   -15.4
  29.2   25.7
  31.1   5.6
  16.7   3.9
  15.7   -32.6
  7.2   16.0
  -25.1   -27.0
  -3.5   -14.0
  -12.6   6.4
  16.7   32.6
  32.3   -19.4
  14.7   -20.6
  -25.5   27.2
  -5.8   -2.7
  -5.3   -18.5
  -27.7   17.2
  14.3   31.4
  10.6   -24.1
  -22.9   -14.1
  3.3   -14.3
  -26.1   -18.5
  -11.9   -24.9
  15.4   3.9
  4.9   -26.9
  -18.8   5.9
  21.5   -14.1
  -14.6   -13.9
  -22.1   -29.9
  13.0   -16.9
  -4.0   2.9
  10.5   -20.5
  24.2   10.9
  14.0   2.4
  28.5   25.9
  4.0   3.5
  -13.3   -23.5
  32.2   25.6
  -26.9   -30.1
  28.4   -32.6
  12.0   -11.5
  -5.4   20.4
  11.3   -26.6
  5.0   -25.6
  18.5   25.7
  -15.8   7.9
  -28.5   12.6
  26.3   -30.6
  -26.9   15.0
  -15.8   -19.4
  16.6   -25.0
  -15.9   -17.6
  -15.0   10.8
  -11.8   18.1
  -22.8   29.4
  -11.3   -30.0
  30.2   16.6
  -19.8   -17.7
  26.4   6.5
  -20.0   -8.1
  -13.6   -28.1
  19.9   -5.1
  -25.2   -5.1
  8.0   -6.7
  -16.9   21.1
  9.7   26.0
  23.5   31.3
  -17.8   18.4
  26.3   4.7
  24.6   -9.0
  -19.3   -4.2
  25.7   -27.5
  15.8   9.3
  27.6   -15.2
  25.0   4.9
  27.3   30.0
  -0.5   -8.3
  -27.7   29.8
  22.3   -2.6
  -25.6   -21.3
  -24.0   4.4
  -2.3   14.7
  15.7   5.8
  -18.3   -17.0
  -15.7   17.3
  15.7   27.8
  -19.8   -17.7
  -18.8   7.7
  7.0   -5.8
  -10.7   -13.8
  -14.6   23.6
  10.8   -12.1
  21.4   19.4
  25.2   -21.4
  -31.2   -11.1
  1.5   32.2
  -29.3   -22.2
  16.4   -27.4
  8.8   24.0
  9.4   -8.0
  -0.9   -11.6
  12.0   22.1
  11.4   18.6
  19.6   -1.9
  -25.6   5.9
  0.1   30.5
  19.1   -15.2
  -3.5   22.9
  -4.1   -32.6
  14.7   1.3
  14.4   20.2
  -5.7   -13.6
  -29.9   -16.9
  -25.6   -23.8
  -2.1   14.1
  -32.6   2.4
  16.2   -32.3
  24.0   -21.4
  30.1   -4.7
  -7.9   -25.5
  11.5   25.8
  -10.4   -0.8
  -13.3   -14.4
  22.3   -16.1
  23.5   2.5
  -15.0   -7.0
  -16.3   3.1
  26.2   21.7
  6.6   -12.8
  20.1   -13.1
  -11.3   18.9
  -14.2   -27.9
  13.6   9.7
  13.2   6.1
  30.3   22.7
  12.6   -11.7
  19.4   -32.6
  -7.1   -7.3
  21.0   -6.8
  1.8   -27.4
  -7.4   -31.4
  -28.5   -27.2
  -32.0   -14.8
  2.0   -30.6
  22.4   -18.0
  -6.4   -20.7
  3.0   -32.0
  -28.5   29.8
  27.2   21.4
  -22.8   -5.7
  15.2   -5.1
  -13.7   -8.3
  -21.8   -9.6
  -5.0   -18.1
  17.0   26.8
  -24.3   10.4
  30.7   -8.4
  -8.3   1.2
  -7.6   28.6
  19.3   31.0
  25.2   -24.1
  -7.2   22.7
  -25.5   30.7
  -1.9   -2.9
  -9.3   30.4
  -14.3   0.5
  4.8   31.4
  -7.4   -14.2
  -7.9   -22.2
  -2.2   -17.7
  25.0   27.2
  -24.5   -0.9
  -21.1   -3.2
  22.4   -15.9
  -3.8   -1.3
  17.0   -29.9
  -12.3   -6.3
  29.1   -11.9
  -12.7   8.8
  8.7   23.8
  -26.8   -15.9
  -31.1   20.0
  2.4   -1.0
  6.2   11.8
  15.9   21.0
  -13.5   6.9
  19.8   -9.9
  -19.3   -18.1
  20.9   3.0
  23.9   -10.7
  -32.2   -4.3
  15.9   17.7
  -30.1   -21.7
  -29.3   -30.0
  13.0   8.9
  8.0   -21.7
  31.8   6.5
  1.7   11.8
  27.7   26.6
  -6.4   32.6
  -2.0   5.9
  4.3   3.0
  25.4   25.9
  -8.9   32.2
  23.3   11.9
  15.4   6.9
  22.6   -27.2
  -20.5   1.5
  10.4   -12.9
  14.4   -4.2
  -25.7   -24.8
  -8.4   7.5
  -25.7   -14.2
  2.3   5.4
  18.7   7.4
  20.6   26.3
  -4.4   -25.8
  -22.0   -6.6
  -16.4   -11.4
  -10.0   29.5
  -4.9   -17.4
  15.4   9.4
  -19.1   10.4
  18.8   -4.7
  -32.3   4.2
  -7.1   8.9
  -0.9   0.9
  2.0   8.8
  -26.2   2.1
  -27.0   14.0
  -27.8   -23.2
  -12.2   -24.4
  12.3   15.1
  32.3   2.4
  -16.6   17.6
  -22.9   13.0
  24.6   -23.4
  26.4   -6.8
  -17.1   -9.1
  -15.1   -1.5
  27.5   3.6
  13.9   -4.1
  -3.5   -29.4
  30.2   -3.9
  1.8   14.8
  20.8   -1.4
  -25.7   -6.2
  -26.7   -9.3
  30.9   22.6
  -16.9   23.9
  -0.9   -13.4
  -31.6   -2.0
  -26.2   -17.4
  -1.7   4.0
  -28.1   -29.2
  30.4   -15.2
  9.6   2.8
  -25.0   31.6
  16.3   -21.8
  -19.5   20.2
  3.2   -15.5
  10.8   13.7
  -32.2   -3.4
  -27.4   12.5
  16.8   -15.3
  -6.9   -22.8
  25.8   17.2
  -3.7   -32.0
  3.0   3.2
  9.0   22.3
  14.5   -27.4
  3.4   20.0
  8.7   9.6
  14.0   -18.4
  -6.0   4.6
  -11.2   -3.3
  31.5   16.2
  -7.4   -14.7
  17.9   12.4
  27.0   16.5
  -7.9   -9.6
  -16.9   32.6
  0.5   -30.8
  21.2   24.1
  -30.0   1.3
  1.6   -1.1
  -20.8   -9.8
  20.5   6.6
  -5.6   15.8
  3.7   -6.4
  20.9   20.7
  -30.2   13.4
  -6.3   12.7
  -4.8   17.6
  2.6   14.7
  21.8   20.1
  -26.3   -5.2
  -12.5   -5.1
  -14.5   -6.8
  19.2   -14.0
  2.1   -15.5
  -14.7   27.3
  9.2   -31.4
  20.6   -14.6
  30.3   29.4
  -0.6   -21.0
  27.6   30.9
  19.5   28.8
  -27.2   -16.9
  13.6   19.1
  -22.3   8.0
  -24.3   -5.6
  -11.7   18.2
  -8.3   6.6
  9.6   12.8
  14.2   -20.8
  -27.1   0.5
  -1.4   7.4
  24.3   32.7
  24.5   1.9
  31.0   9.1
  27.6   -5.6
  -9.0   -12.5
  3.9   11.3
  13.7   -24.6
  -28.1   32.3
  -31.5   -6.4
  -30.7   4.7
  -18.8   15.8
  2.6   -21.6
  9.8   -1.3
  -6.5   14.7
  -32.6   25.8
  29.8   -28.3
  -28.4   -3.2
  -3.9   8.2
  4.8   28.6
  -25.6   -18.5
  29.9   -24.8
  24.7   -5.0
  -32.5   -15.2
  -25.8   21.2
  -0.6   -7.8
  -20.9   -32.3
  -20.2   -14.1
  -10.0   18.2
  -22.6   -7.0
  -12.9   14.9
  28.2   -13.4
  -20.1   -29.5
  -0.3   14.4
  -12.2   -24.2
  31.1   -13.9
  17.4   3.0
  -7.8   12.2
  8.6   -4.3
  -3.1   17.1
  -1.1   31.7
  15.0   26.2
  23.9   21.9
  4.9   12.9
  28.8   -13.5
  -6.3   15.4
  1.0   24.4
  7.0   32.6
  -7.6   32.2
  -0.7   -23.1
  -21.2   24.0
  8.6   -5.7
  -9.6   17.5
  7.3   -1.1
  29.6   20.5
  25.2   9.7
  -30.1   -27.8
  -12.6   26.7
  19.5   21.4
  -11.3   28.5
  -8.2   -8.4
  -1.1   28.4
  -20.1   -29.5
  11.3   -5.6
  11.0   -8.5
  8.6   -2.5
  18.9   -31.0
  -16.5   -28.5
  24.9   5.3
  11.5   -1.6
  -14.2   15.4
  18.2   -21.4
  -8.5   22.5
  13.1   23.4
